# cluster Nm N200 z dz s_rmax s_rmax_err rmax/r200 MDcor MDscatter s200 s200_err r200 r200_err m200 m200_err  stripe82
#
# Columns:
#    0 cluster : Cluster name
#    1 Nm : Number of spectroscopic members
#    2 N200 : Number of spectroscopic members within r200
#    3 z : Cluster redshift
#    4 dz : Uncertainty in cluster redshift
#    5 s_rmax : Velocity dispersion measured at the maximum available cluster-centric distance
#    6 s_rmax_err : Uncertainty on s_rmax
#    7 rmax/r200 : Maximum available cluster-centric distance in units of r200
#    8 MDcor : Correction to the velocity dispersion derived from the Multidark simulation (set to 1 if rmax/r200 >= 1)
#    9 MDscatter : Scatter in MDcor at rmax/r200
#   10 s200 : Velocity dispersion at r200
#   11 s200_err : Uncertainty on s200
#   12 r200 : Radius enclosing 200 times the critical density at the cluster redshift
#   13 r200_err : Uncertainty on r200
#   14 m200 : Mass within r200
#   15 m200_err : Uncertainty on m200
#   16 stripe82 : Whether the cluster is within the SDSS Stripe82 footprint
#
ACT-CL_J0014.9-0057    62  45 0.5331 0.0007  806  90 1.75 1.000 0.000  850 108 1.31 0.16 4.55e+14 1.63e+14  0
ACT-CL_J0022.2-0036    55  44 0.8048 0.0014  961 123 1.71 1.000 0.000 1025 164 1.33 0.20 6.61e+14 3.01e+14  1
ACT-CL_J0045.2-0152    56  44 0.5483 0.0009  930  76 1.41 1.000 0.000  967  86 1.45 0.12 6.29e+14 1.55e+14  0
ACT-CL_J0058.0+0030     7   -1  0.78894  0.00229   -1  -1  -1  -1  -1  -1  -1  -1  -1  -1  -1  -1  -1  0
ACT-CL_J0059.1-0049    44  23 0.7870 0.0012  884 146 1.82 1.000 0.000  874 206 1.19 0.28 4.60e+14 3.20e+14  1
ACT-CL_J0119.9+0055    16  14 0.7310 0.0011  725 128 1.06 1.000 0.000  786 149 1.10 0.20 3.40e+14 1.86e+14  1
ACT-CL_J0127.2+0020    46  46 0.3801 0.0008  994 107 0.92 1.003 0.010  991 104 1.64 0.16 7.49e+14 2.20e+14  1
ACT-CL_J0152.7+0100   253 144 0.2291 0.0004  931  41 2.57 1.000 0.000 1065  55 1.90 0.09 9.74e+14 1.39e+14  1
ACT-CL_J0156.4-0123     6   -1  0.45330  0.00140   -1  -1  -1  -1  -1  -1  -1  -1  -1  -1  -1  -1  -1  0
ACT-CL_J0206.2-0114    40  23 0.6758 0.0010  570 107 2.02 1.000 0.000  625 165 0.94 0.25 2.01e+14 1.60e+14  1
ACT-CL_J0215.4+0030    14  11 0.8622 0.0026 1386 262 1.27 1.000 0.000 1256 268 1.57 0.33 1.17e+15 7.26e+14  1
ACT-CL_J0218.2-0041    61  41 0.6727 0.0008  723  76 1.80 1.000 0.000  790  92 1.12 0.12 3.40e+14 1.11e+14  1
ACT-CL_J0219.9+0129    10  10 0.3651 0.0014 1001 224 0.56 1.039 0.061  963 215 1.66 0.36 7.63e+14 5.01e+14  0
ACT-CL_J0223.1-0056    38  27 0.6632 0.0011  829  98 1.25 1.000 0.000  911 166 1.31 0.23 5.29e+14 2.77e+14  1
ACT-CL_J0239.8-0134    75  75 0.3751 0.0008 1216 127 0.64 1.028 0.045 1183 126 1.94 0.19 1.22e+15 3.63e+14  0
ACT-CL_J0241.2-0018    36  26 0.6872 0.0013  830 133 1.70 1.000 0.000  905 159 1.28 0.21 5.09e+14 2.56e+14  1
ACT-CL_J0256.5+0006    78  78 0.3625 0.0008 1185 104 0.59 1.035 0.058 1144 103 1.89 0.16 1.12e+15 2.80e+14  1
ACT-CL_J0320.4+0032    25  25 0.3847 0.0014 1284 210 0.56 1.039 0.062 1236 213 2.03 0.33 1.43e+15 7.08e+14  1
ACT-CL_J0326.8-0043    62  59 0.4471 0.0006  897  97 1.21 1.000 0.000  927 100 1.49 0.15 6.01e+14 1.82e+14  1
ACT-CL_J0342.7-0017    19  19 0.3072 0.0015  941 168 0.80 1.012 0.021  930 173 1.64 0.29 6.92e+14 3.71e+14  1
ACT-CL_J0348.6-0028    15  15 0.3449 0.0010  642 117 0.51 1.046 0.077  614 112 1.10 0.19 2.16e+14 1.13e+14  1
ACT-CL_J2050.5-0055    33  14 0.6226 0.0007  539 118 2.32 1.000 0.000  511  97 0.79 0.14 1.12e+14 6.08e+13  1
ACT-CL_J2050.7+0123    47  47 0.3339 0.0010 1046 104 0.92 1.003 0.010 1043 102 1.76 0.16 8.83e+14 2.40e+14  0
ACT-CL_J2055.4+0105    55  52 0.4089 0.0005  759  76 1.11 1.000 0.000  778  78 1.29 0.12 3.78e+14 1.06e+14  1
ACT-CL_J2058.8+0123    16  16 0.3285 0.0014 1109 196 0.65 1.027 0.042 1080 191 1.86 0.31 1.02e+15 5.19e+14  0
ACT-CL_J2128.4+0135    59  56 0.3856 0.0006  895 117 1.12 1.000 0.000  906 119 1.51 0.19 5.92e+14 2.18e+14  0
ACT-CL_J2129.6+0005   291  68 0.2337 0.0005  786  39 5.06 1.000 0.000  859  90 1.56 0.15 5.50e+14 1.60e+14  1
ACT-CL_J2154.5-0049    52  42 0.4904 0.0011  918 109 1.42 1.000 0.000  964 123 1.51 0.18 6.59e+14 2.35e+14  1
ACT-CL_J2302.5+0002    47  39 0.5199 0.0007  664  67 1.16 1.000 0.000  671  73 1.06 0.11 2.36e+14 7.15e+13  1
ACT-CL_J2337.6+0016   154  51 0.2769 0.0007  853  51 4.85 1.000 0.000  879  95 1.56 0.16 5.73e+14 1.74e+14  1
